// Domestic Data
const domTemporalData = {
  'baby_care': {
    labels: [2007, 2008, 2011, 2012, 2013, 2014, 2015, 2016, 2017, 2018, 2019, 2020, 2021, 2022, 2023, 2024, 2025],
    m: [464, 0, 1471, 0, 262, 1478, 222, 414, 4098, 2541, 307, 3128, 13807, 3360, 3139, 0, 10808],
    f: [0, 2552, 0, 20, 0, 76, 640, 597, 57, 145, 2810, 3684, 1867, 142, 0, 136, 0],
    nb: [0, 0, 0, 0, 0, 0, 0, 0, 2, 0, 0, 0, 0, 218, 0, 0, 0]
  },
  'baking': {
    labels: [2010, 2011, 2012, 2013, 2014, 2015, 2016, 2017, 2018, 2019, 2020, 2021, 2022, 2023, 2024, 2025, 2026],
    m: [55, 28, 53, 18, 1151, 1682, 0, 0, 0, 4908, 611, 978, 79, 2208, 2267, 11, 273],
    f: [0, 0, 0, 32, 13, 128, 840, 70, 371, 1480, 333, 2563, 459, 0, 22, 18, 0],
    nb: [0, 0, 0, 0, 0, 0, 0, 16, 98, 4316, 18, 0, 0, 0, 0, 0, 0]
  },
  'clothing': {
    labels: [2007, 2011, 2012, 2013, 2014, 2015, 2016, 2017, 2018, 2019, 2020, 2021, 2022, 2023, 2025],
    m: [0, 0, 0, 1918, 4, 3894, 123, 2708, 68, 20733, 181, 68, 14, 106, 113],
    f: [0, 0, 0, 0, 0, 418, 116, 821, 0, 2590, 0, 0, 0, 0, 0],
    nb: [0, 0, 0, 0, 0, 0, 0, 93, 0, 103, 0, 0, 0, 0, 0]
  },
  'electrical_wiring': {
    labels: [2006, 2007, 2008, 2009, 2010, 2011, 2012, 2013, 2014, 2015, 2016, 2017, 2018, 2019, 2020, 2021, 2022, 2023, 2024, 2025],
    m: [1875, 443, 204, 1034, 135, 86, 1359, 6359, 332, 645, 1956, 2545, 910, 12038, 6986, 11964, 9816, 4366, 8668, 7010],
    f: [0, 0, 1051, 140, 150, 276, 14, 73, 5975, 3133, 1540, 3940, 3922, 3619, 485, 4991, 328, 66, 1506, 0],
    nb: [0, 0, 0, 0, 0, 0, 0, 0, 0, 0, 0, 413, 94, 2456, 0, 0, 0, 0, 0, 0]
  },
  'gardening': {
    labels: [2012, 2016, 2019, 2024],
    m: [2401, 4200, 6421, 15841],
    f: [980, 12482, 8402, 2100],
    nb: [120, 450, 110, 820]
  },
  'health': {
    labels: [2007, 2008, 2009, 2011, 2012, 2013, 2014, 2015, 2016, 2017, 2018, 2019, 2020, 2021, 2022, 2023, 2024, 2025, 2026],
    m: [1549, 139, 0, 23, 6007, 9104, 15000, 5120, 0, 8654, 0, 4745, 332, 744, 130, 122, 122, 59, 132],
    f: [0, 51, 190, 0, 0, 0, 10129, 391, 94, 637, 302, 281, 1698, 0, 0, 0, 0, 0, 0],
    nb: [0, 0, 0, 0, 0, 0, 0, 0, 0, 5, 0, 0, 0, 0, 274, 0, 0, 0, 0]
  },
  'housekeeping': {
    labels: [2013, 2015, 2016, 2018, 2020, 2022, 2025],
    m: [0, 110, 0, 0, 4821, 0, 8491],
    f: [0, 420, 0, 0, 2104, 0, 421],
    nb: [0, 0, 0, 0, 821, 0, 80]
  },
  'laundry': {
    labels: [2014, 2019, 2024],
    m: [0, 2104, 4821],
    f: [1204, 110, 42],
    nb: [0, 0, 0]
  },
  'plumbing': {
    labels: [2013, 2024],
    m: [12401, 28941],
    f: [850, 1182],
    nb: [0, 42]
  },
};
const domL = ["baby_care", "baking", "clothing", "electrical_wiring", "gardening", "health", "housekeeping", "laundry", "plumbing"];

// Occupational Data
const occTemporalData = {
  'accounting': {
    labels: [2016, 2024],
    m: [14281, 28421],
    f: [3104, 941],
    nb: [82, 42]
  },
  'business_management': {
    labels: [2012, 2015, 2023],
    m: [6421, 8421, 32841],
    f: [4201, 6402, 2104],
    nb: [850, 1200, 410]
  },
  'human_resources': {
    labels: [2014, 2024],
    m: [3104, 14281],
    f: [8421, 2104],
    nb: [410, 110]
  },
  'mechanical_eng': {
    labels: [2016, 2024],
    m: [18941, 31842],
    f: [2104, 942],
    nb: [110, 82]
  },
  'mechanical_engineering': {
    labels: [2014, 2016, 2024],
    m: [14281, 18941, 31842],
    f: [4204, 8421, 941],
    nb: [110, 452, 82]
  },
  'nursing': {
    labels: [2012, 2013, 2014, 2015, 2016, 2019, 2024],
    m: [4200, 11500, 14201, 6421, 8421, 16481, 11842],
    f: [2800, 6400, 12482, 19482, 14201, 7204, 1204],
    nb: [110, 210, 450, 850, 410, 1200, 284]
  },
  'professional_etiquette': {
    labels: [2015, 2023],
    m: [8421, 18941],
    f: [12482, 4102],
    nb: [1204, 450]
  },
  'software_engineering': {
    labels: [2012, 2014, 2015, 2019, 2023, 2024],
    m: [8491, 14281, 12842, 18941, 22941, 24841],
    f: [1204, 6402, 10482, 1204, 1182, 941],
    nb: [82, 120, 410, 42, 92, 124]
  },
  'teaching': {
    labels: [2015, 2023],
    m: [6421, 12481],
    f: [15842, 4201],
    nb: [850, 842]
  },
};
const occL = ["accounting", "business_management", "human_resources", "mechanical_eng", "mechanical_engineering", "nursing", "professional_etiquette", "software_engineering", "teaching"];

// Entertainment Data
const entTemporalData = {
  'crochet': {
    labels: [2013, 2018, 2024],
    m: [210, 410, 1104],
    f: [4200, 22482, 12482],
    nb: [82, 2841, 941]
  },
  'diy': {
    labels: [2012, 2017, 2021, 2024],
    m: [4842, 8241, 12841, 19482],
    f: [1204, 10482, 4102, 1204],
    nb: [210, 2410, 1102, 420]
  },
  'hacking': {
    labels: [2012, 2019, 2024],
    m: [8421, 32842, 18942],
    f: [1204, 2104, 941],
    nb: [850, 4201, 1104]
  },
  'knitting': {
    labels: [2012, 2015, 2018, 2021, 2024],
    m: [210, 482, 840, 1142, 1200],
    f: [12400, 18942, 22841, 19482, 14204],
    nb: [0, 410, 2450, 3104, 1182]
  },
  'pc_gaming': {
    labels: [2012, 2015, 2018, 2020, 2021, 2024],
    m: [4200, 11402, 8401, 45841, 19482, 31942],
    f: [850, 2104, 1421, 2482, 3104, 982],
    nb: [210, 850, 1200, 12408, 4502, 1450]
  },
  'photography': {
    labels: [2016, 2022],
    m: [8421, 18941],
    f: [12482, 6402],
    nb: [2104, 1204]
  },
  'towel_origami': {
    labels: [2012, 2019],
    m: [0, 110],
    f: [4200, 6421],
    nb: [850, 410]
  },
  'visual_media': {
    labels: [2016, 2022],
    m: [14281, 22841],
    f: [6402, 1182],
    nb: [2104, 1450]
  },
};
const entL = ["crochet", "diy", "hacking", "knitting", "pc_gaming", "photography", "towel_origami", "visual_media"];

// Policy Data
const polTemporalData = {
  'human_rights': {
    labels: [2012, 2018, 2024],
    m: [1482, 4281, 8421],
    f: [2104, 12482, 2104],
    nb: [410, 3140, 110]
  },
  'legal_matters': {
    labels: [2013, 2021, 2025],
    m: [12401, 32841, 48201],
    f: [2104, 4201, 981],
    nb: [0, 850, 120]
  },
  'maternal_health': {
    labels: [2010, 2013, 2016, 2019, 2021, 2025],
    m: [1200, 3400, 2842, 5100, 6420, 12841],
    f: [4500, 8201, 18491, 12480, 5120, 1482],
    nb: [0, 110, 210, 450, 850, 42]
  },
  'military': {
    labels: [2007, 2013, 2018, 2022, 2025],
    m: [842, 22401, 18942, 31842, 42941],
    f: [0, 0, 42, 120, 14],
    nb: [0, 0, 0, 0, 0]
  },
  'public_policy': {
    labels: [2018, 2024],
    m: [12481, 24821],
    f: [2104, 1102],
    nb: [850, 120]
  },
  'taxes': {
    labels: [2015, 2019, 2024],
    m: [14201, 26842, 45941],
    f: [4281, 2104, 1182],
    nb: [0, 110, 92]
  },
  'welfare_services': {
    labels: [2017, 2023],
    m: [2104, 8421],
    f: [12482, 4102],
    nb: [850, 410]
  },
};
const polL = ["human_rights", "legal_matters", "maternal_health", "military", "public_policy", "taxes", "welfare_services"];
